0.999744713306427
0.9995643496513367
0.9996750354766846
0.9999486207962036
0.08847685158252716
0.999735414981842
0.9996976852416992
0.9826784729957581
0.9996936321258545
0.9902803301811218
0.9993866682052612
0.9996324777603149
0.9997827410697937
0.4628886878490448
0.9995213747024536
0.8736452460289001
0.9996623992919922
0.9952057003974915
1.565946838866239e-08
0.9988589286804199
0.8812122941017151
0.8840765357017517
0.9996682405471802
0.9996141195297241
0.993114173412323
0.9996985197067261
0.9996602535247803
0.9997277855873108
0.7634240984916687
0.9952036142349243
0.9993804693222046
0.9996935129165649
0.9995842576026917
0.99935382604599
0.9983970522880554
0.9902925491333008
0.9121052026748657
0.9997102618217468
0.9749603867530823
0.9995354413986206
0.6063636541366577
0.9989401698112488
0.9997300505638123
0.9635416269302368
0.9887405037879944
0.9996883869171143
0.9713131189346313
0.9996082186698914
0.9832860231399536
0.999699592590332
0.9996895790100098
0.01853244937956333
0.9952642917633057
0.9962437152862549
0.983460009098053
0.999651312828064
0.9996657371520996
0.9980079531669617
0.9968628883361816
0.9996997117996216
0.9995664954185486
0.9988640546798706
0.999739944934845
0.8983687162399292
0.9637899398803711
0.4389529824256897
0.999700665473938
0.15329235792160034
0.9984692931175232
0.9952143430709839
0.9996887445449829
0.999718964099884
0.9975951313972473
0.9997562766075134
0.9997182488441467
0.9996246099472046
0.9997673630714417
0.9994762539863586
0.9995874762535095
0.27835673093795776
0.863219678401947
0.9225896000862122
0.999363362789154
0.7233231067657471
0.9899023771286011
0.9996628761291504
0.8587744832038879
0.993175208568573
0.9983537197113037
0.9997561573982239
0.3543210029602051
0.5244121551513672
0.9994051456451416
0.9994885921478271
0.9992520213127136
0.9992559552192688
0.9995149374008179
0.9916499853134155
0.9798106551170349
0.998816967010498
0.9997016787528992
0.9926559925079346
0.9997184872627258
0.9985367059707642
0.998734176158905
0.9990610480308533
0.9985367059707642
0.9925090670585632
0.9996379613876343
0.9997504353523254
0.993175208568573
0.9996050000190735
0.9950138926506042
0.9993398785591125
0.9073218703269958
0.9997864365577698
0.9995338916778564
0.8251363039016724
0.9960153698921204
0.908083975315094
0.9986741542816162
0.9996496438980103
0.9992027878761292
0.9991757273674011
0.9970850348472595
0.916645884513855
0.11355962604284286
0.9920404553413391
0.3060608506202698
0.9997584223747253
0.7913767695426941
0.9982384443283081
0.9906920790672302
0.9985020160675049
0.9965285658836365
0.9998013377189636
0.9996159076690674
0.9996166229248047
0.9997437596321106
0.9994022846221924
0.9996626377105713
0.9996646642684937
0.9996552467346191
0.9996309280395508
0.998665452003479
0.9996585845947266
0.9996681213378906
0.9847143292427063
0.9412038326263428
0.9996623992919922
0.9616134762763977
0.999715268611908
0.9996681213378906
0.03023812733590603
0.05125952512025833
0.9997047781944275
0.9985508322715759
0.9992057681083679
0.0029989404138177633
0.9995835423469543
0.996877908706665
0.9985503554344177
0.9940829873085022
2.1390245308339217e-07
0.9997071623802185
0.9995823502540588
0.17326033115386963
0.9973157048225403
0.9986479878425598
0.9450540542602539
0.9986417889595032
0.9997393488883972
0.9978367686271667
0.9997146725654602
0.989891529083252
0.9997445940971375
0.05878200754523277
0.679534912109375
0.9016029238700867
0.9997239708900452
0.9997159838676453
0.9998629093170166
0.9996308088302612
0.9987969398498535
0.999579131603241
0.7801079750061035
0.9994264841079712
0.9996780157089233
0.9129859209060669
0.9997653365135193
0.9962839484214783
0.9989299178123474
0.9914290308952332
0.9037593007087708
0.9996308088302612
0.051654353737831116
0.9412038326263428
0.9977050423622131
0.9237781763076782
0.9974808096885681
0.9996204376220703
0.9917466640472412
0.9997496008872986
0.36542564630508423
0.9574897885322571
0.9997046589851379
0.9991794228553772
0.5608347058296204
0.9782893061637878
0.9996159076690674
0.999721109867096
0.9997058510780334
0.7492238283157349
0.999707043170929
0.9996178150177002
0.8725591897964478
0.9977362155914307
0.9991484880447388
0.9906286597251892
0.9812760353088379
0.9997017979621887
0.9982264637947083
0.9997047781944275
0.9996873140335083
0.9852510690689087
0.999715268611908
0.9996154308319092
0.9994353652000427
0.9995914101600647
0.998462438583374
0.8132480382919312
0.3995096981525421
0.9995941519737244
0.9997386336326599
0.009470283053815365
0.993175208568573
0.8472980260848999
0.029979242011904716
0.9881166219711304
0.9997081160545349
0.9996721744537354
0.9173842072486877
0.4471341073513031
0.9568032622337341
0.9994180202484131
0.9994868040084839
0.998816967010498
0.9985401630401611
0.0002688181702978909
0.9992057681083679
0.9964383840560913
0.9997790455818176
0.9826784729957581
0.988982617855072
0.04642751067876816
0.044177062809467316
0.9986169338226318
0.9896913170814514
0.9225896000862122
0.9886729121208191
0.9997579455375671
0.3351084589958191
0.9996060729026794
0.985745906829834
0.9996234178543091
0.9997329115867615
0.9996861219406128
0.9397920966148376
0.9990804195404053
0.9997051358222961
0.4268871545791626
0.9946436882019043
0.22123605012893677
0.7794020771980286
0.9961727261543274
0.0011553759686648846
0.9994925260543823
0.9787184000015259
0.9986825585365295
0.9998693466186523
0.2313845157623291
0.9991042017936707
0.997163712978363
0.9996668100357056
0.8049337863922119
0.9995214939117432
0.9961411356925964
0.8916308879852295
0.9563471674919128
0.47200286388397217
0.49003782868385315
0.006092567462474108
0.9992469549179077
0.9996009469032288
0.9994896650314331
0.99793541431427
0.9995248317718506
0.001281395903788507
0.004282371141016483
0.9990137815475464
0.9996039271354675
0.9996616840362549
0.9996877908706665
0.9542985558509827
0.9996925592422485
0.9438035488128662
0.9996001124382019
0.9996626377105713
0.9850111603736877
0.9996280670166016
0.9962636828422546
0.9996459484100342
0.9584797620773315
0.9866589307785034
0.9995120763778687
0.9997548460960388
0.9997777342796326
0.9991289973258972
0.9996998310089111
0.9985752105712891
0.9994245767593384
0.9834675192832947
0.9997791647911072
0.9728295207023621
0.999724805355072
0.9992357492446899
0.9997629523277283
0.223018079996109
0.9996671676635742
0.052628640085458755
0.9997450709342957
0.9987325072288513
0.999657154083252
0.9995997548103333
0.9997827410697937
0.9997132420539856
0.9995080232620239
0.9997839331626892
0.9995691180229187
0.8338614702224731
0.9971805810928345
0.9989349246025085
0.9996532201766968
0.9489360451698303
0.9979063272476196
0.9275418519973755
0.43972188234329224
0.033698245882987976
0.9993816614151001
0.999731719493866
0.999710738658905
0.32340550422668457
0.9984227418899536
0.9996819496154785
0.12427482008934021
0.9997007846832275
0.9997021555900574
0.9997149109840393
0.9987200498580933
0.1494821310043335
0.9997438788414001
0.9995736479759216
0.9995830655097961
0.9870642423629761
0.9956964254379272
0.9905843734741211
0.9997137188911438
0.9997344613075256
0.9970092177391052
0.9996925592422485
0.9228641390800476
0.9996408224105835
0.9997088313102722
0.9997535347938538
0.9996877908706665
0.9996657371520996
0.9997244477272034
0.9985221028327942
0.9931508302688599
0.01644071936607361
0.9996775388717651
0.9997790455818176
0.9983974099159241
0.9997130036354065
0.9996730089187622
0.9995929598808289
0.021366745233535767
0.9005067944526672
0.9992706179618835
0.9687791466712952
0.9996986389160156
0.9997257590293884
0.9974396228790283
0.9835038185119629
0.999860405921936
0.9988202452659607
0.99681156873703
0.9996974468231201
0.8765836358070374
0.9993470311164856
0.9991391897201538
0.9998569488525391
0.9996123909950256
0.9981245398521423
0.999546468257904
0.009996665641665459
0.8917855024337769
0.9996609687805176
0.9996552467346191
0.9749061465263367
0.9934090375900269
0.6000756621360779
0.9978931546211243
0.0011290541151538491
0.9997369647026062
0.3456180691719055
0.028434839099645615
0.988994300365448
0.9943825006484985
0.9962286949157715
0.9847186207771301
0.9990609288215637
0.9996440410614014
0.9849610328674316
0.9492388367652893
0.9988186955451965
0.0039339009672403336
0.9998569488525391
0.9996914863586426
0.8144086003303528
0.9701589941978455
0.9997554421424866
0.08320094645023346
0.9994959831237793
0.9996827840805054
0.9981064796447754
0.9996894598007202
0.9995960593223572
0.9997089505195618
0.9997016787528992
0.99104905128479
0.9996427297592163
0.9996837377548218
0.9997244477272034
0.17617985606193542
0.9891725778579712
0.8647004961967468
0.9943748712539673
0.7990675568580627
0.9996745586395264
0.9995299577713013
0.9996719360351562
0.9994561076164246
0.9993982315063477
0.9915116429328918
0.3809276521205902
0.9996305704116821
0.9997386336326599
0.9996528625488281
0.9774272441864014
0.997547447681427
0.8036142587661743
0.9974824786186218
0.954373836517334
0.9993014335632324
0.9997279047966003
0.9996929168701172
0.3499070405960083
0.9996651411056519
0.9995835423469543
0.9975951313972473
0.9978310465812683
0.9687670469284058
0.9973918199539185
0.9996846914291382
0.9767197966575623
0.9965541362762451
0.9898377656936646
0.9993404746055603
0.9996801614761353
0.9995961785316467
0.8307482004165649
0.9997571110725403
0.9705618619918823
0.9993987083435059
0.9991129040718079
0.9997902512550354
0.003601813456043601
0.9986968636512756
0.9714328050613403
0.9994462132453918
0.9856939911842346
0.999580442905426
0.9997022747993469
0.9997599720954895
0.9996888637542725
0.9996625185012817
0.9994325041770935
0.9479695558547974
0.9919043183326721
0.44927242398262024
0.9996495246887207
0.22088728845119476
0.5772148370742798
0.999104917049408
0.9995437264442444
0.9988798499107361
0.9996917247772217
0.9893390536308289
0.947666347026825
0.17933550477027893
0.9992947578430176
0.9996552467346191
0.9868468642234802
0.17992712557315826
0.9997289776802063
0.9963066577911377
0.9924948215484619
0.9922062754631042
0.9997844099998474
0.9997053742408752
0.9930532574653625
0.9996917247772217
0.8647255897521973
0.9610631465911865
0.9996936321258545
0.9993011951446533
0.9834344983100891
0.9975951313972473
0.9885743856430054
0.9998407363891602
0.9995817542076111
0.9979556798934937
0.9995081424713135
0.14779315888881683
0.002043940592557192
0.9996659755706787
0.9997970461845398
0.698902428150177
0.9885154366493225
0.9996731281280518
0.854460597038269
0.9995157718658447
0.975095808506012
0.9995762705802917
0.9996633529663086
0.9996985197067261
0.9995087385177612
0.9996227025985718
0.9996634721755981
0.9941672086715698
0.9976176619529724
0.9948127269744873
0.995820164680481
0.999744713306427
0.9995643496513367
0.9996750354766846
0.9999486207962036
0.08847685158252716
0.999735414981842
0.9996976852416992
0.9826784729957581
0.9996936321258545
0.9902803301811218
0.9993866682052612
0.9996324777603149
0.9997827410697937
0.4628886878490448
0.9995213747024536
0.005079086869955063
0.8736452460289001
0.9996623992919922
0.9952057003974915
1.565946838866239e-08
0.9988589286804199
0.8812122941017151
0.8840765357017517
0.9996682405471802
0.9996141195297241
0.993114173412323
0.9996985197067261
0.9996602535247803
0.9997277855873108
0.7634240984916687
0.9952036142349243
0.9993804693222046
0.9996935129165649
0.9995842576026917
0.99935382604599
0.9983970522880554
0.9902925491333008
0.9121052026748657
0.9997102618217468
0.9749603867530823
0.9995354413986206
0.6063636541366577
0.9989401698112488
0.9997300505638123
0.9635416269302368
0.9887405037879944
0.9996883869171143
0.9713131189346313
0.9996082186698914
0.9832860231399536
0.999699592590332
0.9996895790100098
0.01853244937956333
0.9952642917633057
0.9962437152862549
0.983460009098053
0.999651312828064
